%YAML:1.0
image_width: 1241
image_height: 376
# distortion_parameters:
k1: 0 
k2: 0
p1: 0
p2: 0
k3: 0
# projection_parameters:
fx: 718.856
fy: 718.856
cx: 607.1928
cy: 185.2157
# stereo_baseline
bf: 386.1448
